1138 1237
1248 1125
1046 1335
1300 1147
1133 1247
1275 1109
1203 1235
1247 1194
1147 1303
1267 1141
1163 1246
1276 1122
1151 1280
1256 1089
1143 1217
1288 1069
1142 1293
1223 1173
1122 1274
1254 1111
1130 1296
1215 1170
1086 1300
1302 1121
1162 1191
1231 1139
1117 1332
1342 1100
1096 1296
1251 1176
1134 1272
1249 1170
1077 1312
1282 1174
1029 1258
1317 1111
1160 1244
1284 1127
1103 1317
1306 1143
1120 1242
1277 1132
1135 1237
1256 1177
1097 1298
1301 1201
1209 1271
1258 1056
1091 1255
1220 1135
1134 1248
1250 1098
1090 1289
1246 1127
1157 1232
1307 1096
1108 1309
1250 1135
1138 1296
1254 1184
